0 6
0 68
2 0
2 6
3 11
3 30
4 7
4 25
4 48
6 0
6 14
7 6
7 58
7 68
8 42
9 18
10 64
11 54
12 46
13 34
16 0
17 3
18 1
18 22
18 33
20 12
20 27
21 23
21 62
22 9
22 28
23 3
23 21
26 25
26 72
27 57
28 10
30 42
31 6
32 9
32 16
32 49
33 31
33 56
35 7
35 39
35 55
35 71
36 0
36 19
36 50
37 7
37 9
37 51
37 60
41 39
43 4
43 23
43 50
44 22
44 33
44 45
46 24
46 50
46 55
47 59
48 0
48 8
49 5
52 29
54 26
54 34
54 41
56 68
57 6
57 9
57 40
57 56
57 70
58 13
58 25
59 8
59 51
60 68
61 39
63 16
63 52
64 54
64 72
65 1
65 60
65 72
66 37
67 18
67 42
68 2
68 37
68 44
69 11
70 49
